00000000 00000100 10010000 00100001
00000000 00000101 10011000 00100001
00000000 00000000 10000000 00100001
00000010 00010011 01000000 00101010
00010001 00000000 00000000 00010000
00100010 00010001 11111111 11111111
00101010 00101000 00000000 00000000
00010101 00000000 00000000 00001011
00000000 00010001 01001000 10000000
00000010 01001001 01010000 00100000
10001101 01001011 00000000 00000000
10001101 01001100 00000000 00000100
00000001 10001011 01000000 00101010
00010001 00000000 00000000 00000101
00000000 00010010 00100000 00100001
00000000 00010001 00101000 00100001
00001100 00000000 00000000 00010111
00100010 00110001 11111111 11111111
00001000 00000000 00000000 00000110 
00100010 00010000 00000000 00000001
00001000 00000000 00000000 00000011
00000000 00000000 10011000 00100000
00001000 00000000 00000000 00010101
00000000 00000101 01001000 10000000
00000000 10001001 01001000 00100000
10001101 00101000 00000000 00000000
10001101 00101010 00000000 00000100
10101101 00101010 00000000 00000000
10101101 00101000 00000000 00000100
00000011 11100000 00000000 00001000